Array Size        Enumeration Time μs   Better E. Time μs   Dynamic Time μs

100                 1017                    43                  93
200                 7418                    163                 102
300                 24428                   369                 104
400                 57449                   637                 107
500                 111135                  1000                107
600                 191360                  1439                108
700                 302793                  1948                107
800                 451002                  2542                111
900                 641081                  3213                116
1000                698272                  3966                117
2000                3908787                 15793               144
3000                                        35625               171
4000                                        63079               199
5000                                        98452               225
6000                                        141855              267
7000                                        193743              285
8000                                        252639              314
9000                                        320050              328
